1.000000000000000056e-01 0.000000000000000000e+00
1.035321843295662070e-01 0.000000000000000000e+00
1.071891319205127840e-01 0.000000000000000000e+00
1.109752496412071826e-01 0.000000000000000000e+00
1.148951000187309196e-01 0.000000000000000000e+00
1.189534067370319470e-01 0.000000000000000000e+00
1.231550603292825563e-01 0.000000000000000000e+00
1.275051240713013234e-01 0.000000000000000000e+00
1.320088400831417874e-01 0.000000000000000000e+00
1.366716356462006621e-01 0.000000000000000000e+00
1.414991297434576023e-01 0.000000000000000000e+00
1.464971398307285677e-01 0.000000000000000000e+00
1.516716888470922842e-01 0.000000000000000000e+00
1.570290124729377124e-01 0.000000000000000000e+00
1.625755666443794156e-01 0.000000000000000000e+00
1.683180353330956669e-01 0.000000000000000000e+00
1.742633386009649898e-01 0.000000000000000000e+00
1.804186409392072310e-01 0.000000000000000000e+00
1.867913599020782911e-01 0.000000000000000000e+00
1.933891750455231096e-01 0.000000000000000000e+00
2.002200371815584523e-01 0.000000000000000000e+00
2.072921779595370828e-01 0.000000000000000000e+00
2.146141197858404126e-01 9.971841493143952517e-01
2.221946860939523760e-01 9.992784497536491006e-01
2.300430119772917947e-01 9.996237449411959908e-01
2.381685551976158166e-01 9.997519823083642621e-01
2.465811075822602616e-01 9.998159968471098669e-01
2.552908068239517214e-01 9.998533825587940793e-01
2.643081486974105387e-01 9.998774473503535543e-01
2.736439997074670560e-01 9.998939894211285040e-01
2.833096101839324144e-01 9.999059043484601617e-01
2.933166278390043624e-01 2.915477633908699628e-01
3.036771118035458406e-01 2.317435490509471840e-01
3.144035471591500319e-01 2.044561260529365321e-01
3.255088599835058161e-01 1.892977396822150271e-01
3.370064329271928449e-01 1.794856448508787283e-01
3.489101213406772817e-01 1.713472861670815584e-01
3.612342699709431559e-01 1.622346518395864357e-01
3.739937302478796854e-01 1.549985284841916555e-01
3.872038781812555119e-01 1.491167441214826250e-01
4.008806328898464333e-01 1.434378842470194759e-01
4.150404757850475468e-01 1.374129530842266578e-01
4.297004704320840363e-01 1.320385352234377252e-01
4.448782831127583992e-01 1.268284320518959507e-01
4.605922041145105728e-01 1.222789118632388733e-01
4.768611697714469355e-01 1.177506809177980146e-01
4.937047852839002715e-01 1.137978587941289865e-01
5.111433483440166459e-01 1.101153479603680235e-01
5.291978735958442481e-01 1.068602516542481867e-01
5.478901179593942405e-01 1.032399931082299827e-01
5.672426068491978057e-01 1.000128023207856043e-01
5.872786613189481253e-01 9.698180482119776735e-02
6.080224261649422868e-01 9.425583047478995613e-02
6.294988990221888070e-01 9.118152497498037412e-02
6.517339604882423920e-01 8.834345077597650919e-02
6.747544053110693385e-01 8.484980543502333716e-02
6.985879746785247368e-01 8.155399256355826132e-02
7.232633896483535718e-01 7.701833511049130387e-02
7.488103857590022727e-01 7.277140062858428182e-02
7.752597488629460187e-01 6.634037556274453851e-02
8.026433522257173658e-01 6.052754926547136011e-02
8.309941949353393253e-01 5.292561461139628359e-02
8.603464416684502014e-01 4.513605638025880440e-02
8.907354638610439634e-01 3.701368525255686881e-02
9.221978823334326947e-01 2.821283859224872625e-02
9.547716114208055771e-01 2.049355479364023055e-02
9.884959046625583223e-01 1.308465819116761374e-02
1.023411402105453227e+00 1.414288682823232855e-02
1.059560179277615921e+00 2.441606538123641118e-02
1.096985797892383596e+00 3.858890327501578177e-02
1.135733358343105071e+00 5.210980631660015044e-02
1.175849554052156298e+00 6.419175999256510057e-02
1.217382727739661386e+00 7.396131772782850444e-02
1.260382929679727315e+00 7.940312340630295562e-02
1.304901978014402220e+00 8.174520493560373524e-02
1.350993521198026404e+00 8.196736562487880184e-02
1.398713102647237916e+00 8.519838013624127238e-02
1.448118227674533687e+00 9.249557964569425639e-02
1.499268432786045491e+00 1.025249428945360641e-01
1.552225357427047259e+00 1.105164082847758938e-01
1.607052818261638372e+00 1.183775280214387216e-01
1.663816886076128210e+00 1.309764713960795413e-01
1.722585965398786501e+00 1.489749065445054033e-01
1.783430876931909381e+00 1.731370186011651213e-01
1.846424942895543486e+00 1.980402272661791474e-01
1.911644075385701802e+00 2.144343090922928297e-01
1.979166867853556333e+00 2.329542607656916731e-01
2.049074689815847172e+00 4.250691992967445265e-02
2.121451784910629801e+00 4.103362313040263831e-02
2.196385372416545856e+00 3.917548437634444519e-02
2.273965752357927528e+00 3.707365906834968888e-02
2.354286414322416476e+00 3.474832607333842166e-02
2.437444150122220599e+00 3.179395574388362011e-02
2.523539170434765833e+00 2.956105194560896404e-02
2.612675225563327874e+00 2.807584265377646368e-02
2.704959730463134093e+00 2.711256622400679689e-02
2.800503894183631104e+00 2.636459593166036453e-02
2.899422853882876794e+00 2.571580296387699499e-02
3.001835813575588929e+00 2.530117903064699539e-02
3.107866187782012179e+00 2.507795048328869889e-02
3.217641750250735289e+00 2.490098632987273325e-02
3.331294787934673707e+00 2.483871895708920224e-02
3.448962260405758151e+00 2.489242453357082968e-02
3.570785964900462517e+00 2.491450670218339769e-02
3.696912707195026293e+00 2.189840458989987179e-02
3.827494478516311194e+00 1.752059408124542403e-02
3.962688638701478361e+00 1.336576655743554158e-02
4.102658105827192259e+00 1.049330135322373847e-02
4.247571552536898665e+00 1.018799436445568321e-02
4.397603609302718652e+00 8.448048931594974442e-03
4.552935074866947929e+00 7.205373925083738938e-03
4.713753134116724475e+00 6.293385187414946708e-03
4.880251583654430902e+00 5.606607681005584820e-03
5.052631065335679850e+00 5.075409902589389857e-03
5.231099308056260888e+00 4.655489742690587483e-03
5.415871378079470944e+00 4.317531499961117097e-03
5.607169938205458060e+00 4.039681463110064881e-03
5.805225516094898452e+00 3.809743038445965579e-03
6.010276782070381962e+00 3.617448445568341442e-03
6.222570836730228372e+00 3.455202010885869996e-03
6.442363508721370202e+00 3.314107197514890892e-03
6.669919663030121626e+00 3.186186694781602616e-03
6.905513520162327445e+00 3.074973013382473024e-03
7.149428986597577307e+00 2.977538691892520767e-03
7.401959996915640438e+00 2.890373639955973965e-03
7.663410868007454191e+00 2.810391987933552865e-03
7.934096665797492065e+00 2.737483648666547750e-03
8.214343584919426178e+00 2.668880994078780440e-03
8.504489341802678126e+00 2.596050553833525402e-03
8.804883581643460744e+00 2.527086908214215208e-03
9.115888299750817936e+00 2.462678886500212043e-03
9.437878277775380909e+00 2.407859180419442881e-03
9.771241535346495866e+00 2.361804000408275744e-03
1.011637979766206996e+01 2.323385075244741721e-03
1.047370897959449820e+01 2.291639544020257491e-03
1.084365968689609794e+01 1.994807968097495748e-03
1.122667773510813660e+01 1.556607350929184582e-03
1.162322468679851895e+01 1.232319801229016460e-03
1.203377840777589292e+01 1.007269812928444702e-03
1.245883364295008100e+01 8.491276774209981790e-04
1.289890261253307990e+01 7.349379038440554410e-04
1.335451562929898728e+01 6.500772051678233672e-04
1.382622173764655038e+01 5.832647298884118675e-04
1.431458937523478525e+01 5.311547923418727130e-04
1.482020705798858629e+01 4.897860313552048666e-04
1.534368408930011718e+01 4.564630696166559155e-04
1.588565129428052636e+01 4.293036151942144379e-04
1.644676177994662680e+01 4.069618929973256713e-04
1.702769172225899652e+01 3.884553239020590437e-04
1.762914118095947913e+01 3.730530811974980872e-04
1.825183494319042410e+01 3.594890395842443025e-04
1.889652339691209448e+01 3.478263287240400403e-04
1.956398343517062699e+01 3.379645998759360395e-04
2.025501939230666437e+01 3.296353469465136709e-04
2.097046401323232701e+01 3.225677502498279785e-04
2.171117945694503248e+01 3.157982946537040521e-04
2.247805833548725118e+01 3.100264326825986558e-04
2.327202478960407461e+01 3.051324885095650532e-04
2.409403560239524467e+01 3.010180324676101538e-04
2.494508135230316626e+01 2.976017562494320400e-04
2.582618760682674619e+01 2.948162967494686302e-04
2.673841615839946684e+01 2.918711362216404380e-04
2.768286630392063685e+01 2.893797031214458680e-04
2.866067616948250318e+01 2.873492899128373920e-04
2.967302408188869478e+01 2.857433813356658760e-04
3.072112998861755884e+01 2.845311976732443947e-04
3.180625692794119175e+01 2.836868730845196196e-04
3.292971255097148031e+01 2.831887931618859693e-04
3.409285069746810848e+01 2.830190603578947570e-04
3.529707302730650298e+01 2.824493410756806033e-04
3.654383070957254631e+01 2.817455149750554039e-04
3.783462617131929306e+01 2.812808084451479205e-04
3.917101490809256603e+01 2.810425448380350502e-04
4.055460735840827624e+01 2.810199326364672145e-04
4.198707084443910276e+01 2.812038726489901760e-04
4.347013158125022159e+01 2.812201498314501383e-04
4.500557675700497384e+01 2.813584183022814294e-04
4.659525668664677056e+01 2.816631464865996279e-04
4.824108704165368522e+01 2.821286663499155464e-04
4.994505115855140076e+01 2.827503126924629209e-04
5.170920242896755070e+01 2.834644867795935576e-04
5.353566677410724139e+01 2.838127177949539403e-04
5.542664520663101513e+01 2.842792782092689024e-04
5.738441648302392650e+01 2.848604494201413539e-04
5.941133984965033932e+01 2.855531061926629751e-04
6.150985788580498337e+01 2.863546813106760650e-04
6.368249944718586164e+01 2.872631372663528022e-04
6.593188271333541195e+01 2.882769444438099040e-04
6.826071834272386241e+01 2.893950653813391399e-04
7.067181273927491247e+01 2.899649480690097230e-04
7.316807143427192273e+01 2.904520391879012592e-04
7.575250258771912115e+01 2.909974445644922941e-04
7.842822061337682271e+01 2.915984415668030423e-04
8.119844993184008786e+01 2.922525021092297975e-04
8.406652885618325399e+01 2.927612963781259779e-04
8.703591361485156597e+01 2.930164716039845981e-04
9.011018251665018397e+01 2.932921196633758438e-04
9.329304026284685847e+01 2.935844766271194454e-04
9.658832241158698650e+01 2.938897537473550902e-04
1.000000000000000000e+02 2.942041052350645902e-04
