1.000000000000000056e-01 1.155539935731724421e+00
1.035321843295662070e-01 1.116048481984075913e+00
1.071891319205127840e-01 1.077896848631910043e+00
1.109752496412071826e-01 1.041037565480926519e+00
1.148951000187309196e-01 1.005424419941006953e+00
1.189534067370319470e-01 9.710123116421376377e-01
1.231550603292825563e-01 9.377570797182739337e-01
1.275051240713013234e-01 9.056152902246845660e-01
1.320088400831417874e-01 8.745439661988403390e-01
1.366716356462006621e-01 8.445002330158553061e-01
1.414991297434576023e-01 8.154408366639507300e-01
1.464971398307285677e-01 7.873214661501387601e-01
1.516716888470922842e-01 7.600957638232462843e-01
1.570290124729377124e-01 7.337138160807211706e-01
1.625755666443794156e-01 7.081197313216206490e-01
1.683180353330956669e-01 6.832474848379894716e-01
1.742633386009649898e-01 6.590130843827137763e-01
1.804186409392072310e-01 6.352973416909862836e-01
1.867913599020782911e-01 6.118932656095674716e-01
1.933891750455231096e-01 5.882437590028762875e-01
2.002200371815584523e-01 5.646701853481898015e-01
2.072921779595370828e-01 5.408940565762212493e-01
2.146141197858404126e-01 1.449705905418727106e-03
2.221946860939523760e-01 3.529325299020613324e-04
2.300430119772917947e-01 1.748156807768124041e-04
2.381685551976158166e-01 1.094372297107927349e-04
2.465811075822602616e-01 7.708864298379636487e-05
2.552908068239517214e-01 5.830660862002916462e-05
2.643081486974105387e-01 4.624794131232454805e-05
2.736439997074670560e-01 3.795017796566272202e-05
2.833096101839324144e-01 3.194286897710238595e-05
2.933166278390043624e-01 7.995332717432927344e-06
3.036771118035458406e-01 5.541905509851119682e-06
3.144035471591500319e-01 4.318337615050586911e-06
3.255088599835058161e-01 3.568708067566472303e-06
3.370064329271928449e-01 3.047135567334483537e-06
3.489101213406772817e-01 2.639389423431893573e-06
3.612342699709431559e-01 2.282115977450070078e-06
3.739937302478796854e-01 2.002239284930985623e-06
3.872038781812555119e-01 1.777562789980063226e-06
4.008806328898464333e-01 1.584636264328906368e-06
4.150404757850475468e-01 1.412211900131622754e-06
4.297004704320840363e-01 1.266583348755180508e-06
4.448782831127583992e-01 1.138955511207588821e-06
4.605922041145105728e-01 1.030762357832796521e-06
4.768611697714469355e-01 9.339609634819234511e-07
4.937047852839002715e-01 8.511300407076590872e-07
5.111433483440166459e-01 7.781330662143695317e-07
5.291978735958442481e-01 7.147171928622588030e-07
5.478901179593942405e-01 6.545987970191893483e-07
5.672426068491978057e-01 5.807169153355809614e-07
5.872786613189481253e-01 5.230501320490624421e-07
6.080224261649422868e-01 4.759003190557603499e-07
6.294988990221888070e-01 4.328255207878473074e-07
6.517339604882423920e-01 3.952342431584400129e-07
6.747544053110693385e-01 3.587899700945369195e-07
6.985879746785247368e-01 3.264608174322486144e-07
7.232633896483535718e-01 2.928793501444332894e-07
7.488103857590022727e-01 2.632276852214603393e-07
7.752597488629460187e-01 2.295739304695536928e-07
8.026433522257173658e-01 2.006078797861820771e-07
8.309941949353393253e-01 1.690637288720929500e-07
8.603464416684502014e-01 1.394610180495068454e-07
8.907354638610439634e-01 1.111065907513783489e-07
9.221978823334326947e-01 8.277845433028765426e-08
9.547716114208055771e-01 5.884464134942138964e-08
9.884959046625583223e-01 3.690125972386711115e-08
1.023411402105453227e+00 3.801951854305179886e-08
1.059560179277615921e+00 6.010646194868560988e-08
1.096985797892383596e+00 8.518301298806084232e-08
1.135733358343105071e+00 1.029610865926843046e-07
1.175849554052156298e+00 1.137536335705557349e-07
1.217382727739661386e+00 1.182826277225640874e-07
1.260382929679727315e+00 1.164110359146044751e-07
1.304901978014402220e+00 1.111408857677819727e-07
1.350993521198026404e+00 1.042162524991063283e-07
1.398713102647237916e+00 9.968403672031149066e-08
1.448118227674533687e+00 9.736909343120060741e-08
1.499268432786045491e+00 9.555250180332228695e-08
1.552225357427047259e+00 9.190247324202304816e-08
1.607052818261638372e+00 8.770432320149202158e-08
1.663816886076128210e+00 8.436436559398578582e-08
1.722585965398786501e+00 8.135831486590748218e-08
1.783430876931909381e+00 7.826610754495889455e-08
1.846424942895543486e+00 7.425978135560713330e-08
1.911644075385701802e+00 6.909462779661498647e-08
1.979166867853556333e+00 6.409213551766020446e-08
2.049074689815847172e+00 5.768902278897987829e-08
2.121451784910629801e+00 5.373217508577862342e-08
2.196385372416545856e+00 4.949955933945417266e-08
2.273965752357927528e+00 4.520370779723240106e-08
2.354286414322416476e+00 4.088757902652032701e-08
2.437444150122220599e+00 3.610574991351465935e-08
2.523539170434765833e+00 3.240034622132920295e-08
2.612675225563327874e+00 2.970178738413371824e-08
2.704959730463134093e+00 2.768604928747052128e-08
2.800503894183631104e+00 2.598790202611761179e-08
2.899422853882876794e+00 2.446965198257796659e-08
3.001835813575588929e+00 2.324142310010384789e-08
3.107866187782012179e+00 2.223943634657230659e-08
3.217641750250735289e+00 2.131928016944991761e-08
3.331294787934673707e+00 2.053160624193852857e-08
3.448962260405758151e+00 1.986603793314851314e-08
3.570785964900462517e+00 1.919810727245378417e-08
3.696912707195026293e+00 1.629264506088609976e-08
3.827494478516311194e+00 1.258667880534187846e-08
3.962688638701478361e+00 9.271476609463317272e-09
4.102658105827192259e+00 7.028598987164011430e-09
4.247571552536898665e+00 6.589541146515849839e-09
4.397603609302718652e+00 5.276433537954244825e-09
4.552935074866947929e+00 4.345756056201067488e-09
4.713753134116724475e+00 3.665427333302119196e-09
4.880251583654430902e+00 3.153393784075675929e-09
5.052631065335679850e+00 2.756720520289910891e-09
5.231099308056260888e+00 2.441945753391940252e-09
5.415871378079470944e+00 2.187057759912033522e-09
5.607169938205458060e+00 1.976199096817953625e-09
5.805225516094898452e+00 1.799875702844006868e-09
6.010276782070381962e+00 1.650503907793089656e-09
6.222570836730228372e+00 1.522505501583392190e-09
6.442363508721370202e+00 1.410349616481163291e-09
6.669919663030121626e+00 1.309512363941741777e-09
6.905513520162327445e+00 1.220565141701290817e-09
7.149428986597577307e+00 1.141461449036530373e-09
7.401959996915640438e+00 1.070150153608581747e-09
7.663410868007454191e+00 1.004956021703602527e-09
7.934096665797492065e+00 9.454171626490165395e-10
8.214343584919426178e+00 8.902154982289884885e-10
8.504489341802678126e+00 8.363251105095681537e-10
8.804883581643460744e+00 7.862852629248989203e-10
9.115888299750817936e+00 7.400609702297666881e-10
9.437878277775380909e+00 6.988632803993935452e-10
9.771241535346495866e+00 6.620761948613336752e-10
1.011637979766206996e+01 6.290566351672055649e-10
1.047370897959449820e+01 5.992673932750128704e-10
1.084365968689609794e+01 5.038282165322495309e-10
1.122667773510813660e+01 3.797245704683563286e-10
1.162322468679851895e+01 2.903503673204093889e-10
1.203377840777589292e+01 2.292213827345956251e-10
1.245883364295008100e+01 1.866352272410937114e-10
1.289890261253307990e+01 1.560211503658179887e-10
1.335451562929898728e+01 1.332940631697437291e-10
1.382622173764655038e+01 1.155115471324830353e-10
1.431458937523478525e+01 1.016003797297049471e-10
1.482020705798858629e+01 9.048901058454174555e-11
1.534368408930011718e+01 8.145372310177738593e-11
1.588565129428052636e+01 7.399225727581865641e-11
1.644676177994662680e+01 6.774737339404290482e-11
1.702769172225899652e+01 6.245932607357796944e-11
1.762914118095947913e+01 5.793550861290748237e-11
1.825183494319042410e+01 5.392352430589896270e-11
1.889652339691209448e+01 5.039342848581366349e-11
1.956398343517062699e+01 4.729354756347219366e-11
2.025501939230666437e+01 4.455372741148051438e-11
2.097046401323232701e+01 4.211057190891586423e-11
2.171117945694503248e+01 3.981990467698409152e-11
2.247805833548725118e+01 3.775806187663276470e-11
2.327202478960407461e+01 3.589386548786427515e-11
2.409403560239524467e+01 3.420151608579074478e-11
2.494508135230316626e+01 3.265950805285360401e-11
2.582618760682674619e+01 3.124979422636590974e-11
2.673841615839946684e+01 2.988192409374497684e-11
2.768286630392063685e+01 2.861589964537239327e-11
2.866067616948250318e+01 2.744552699294158298e-11
2.967302408188869478e+01 2.636087992938122332e-11
3.072112998861755884e+01 2.535339075302308594e-11
3.180625692794119175e+01 2.441563252203194639e-11
3.292971255097148031e+01 2.354114164950132817e-11
3.409285069746810848e+01 2.272427251050082310e-11
3.529707302730650298e+01 2.190472651073562306e-11
3.654383070957254631e+01 2.110461126866310545e-11
3.783462617131929306e+01 2.035090034810383127e-11
3.917101490809256603e+01 1.963988192263156382e-11
4.055460735840827624e+01 1.896825134382902952e-11
4.198707084443910276e+01 1.833305829051465294e-11
4.347013158125022159e+01 1.770857386689137883e-11
4.500557675700497384e+01 1.711278402735250491e-11
4.659525668664677056e+01 1.654681661869210204e-11
4.824108704165368522e+01 1.600867466667338322e-11
4.994505115855140076e+01 1.549655107374140113e-11
5.170920242896755070e+01 1.500563801948098303e-11
5.353566677410724139e+01 1.451147519316737862e-11
5.542664520663101513e+01 1.403941029120803583e-11
5.738441648302392650e+01 1.358813375198805946e-11
5.941133984965033932e+01 1.315644591291981134e-11
6.150985788580498337e+01 1.274324581070888120e-11
6.368249944718586164e+01 1.234752136247620549e-11
6.593188271333541195e+01 1.196834074165640880e-11
6.826071834272386241e+01 1.160484479062878602e-11
7.067181273927491247e+01 1.123098705224317074e-11
7.316807143427192273e+01 1.086603480218525027e-11
7.575250258771912115e+01 1.051501992979449203e-11
7.842822061337682271e+01 1.017724925004921487e-11
8.119844993184008786e+01 9.852076155550716296e-12
8.406652885618325399e+01 9.532515380026516890e-12
8.703591361485156597e+01 9.215316124629317811e-12
9.011018251665018397e+01 8.909287353191487755e-12
9.329304026284685847e+01 8.613904379914143483e-12
9.658832241158698650e+01 8.328672878084781814e-12
1.000000000000000000e+02 8.053126198502482261e-12
